FRATRES Ac SORORES. 511

6513 53313 6353, 13333017 013630 336 56 1631111656 13 316113 1110-
113323 313 31133653 336 13656 36 316110 31033516110; 63133330
11136110 53 6036163613 336 30 56 1661111656 alguna 513 135 631133-
(165 36 30111623 336 36560 y 31511350 13 56163151313 Ρ1136653; y
que 51 11313 113661 13 131013136103 y probanza 613 1166653110 611-
11131· fuera de Madrid alguna persona de eonfianza y 531151366103,
13 (116113 31133653 10 11161656, 33633330 01111ς36103 31 Capellam
Mayor de 60311111311 11313 6110 603 1030 61 gasto 366653110.

Ε13 31316151133 501116 1030 (161 63110 3111130 y 631333053 36
336 10335135 60535 10633165 3 650 56 111616563 6011 13 113313311333
110511116, 351 63 61 6010 60310 63 13 iglesia, 56331333136316 10 336
1063 31 5331151310 Sam-amento. Ε513 613 13 511133 36 10335 535
36110610365, y aqui alm-gaba 633310 110313 13 116333 3 5115 (16110-
105 365605. En 13 [6511111333 361 Corpus Christi no 56 113636 1313-
ginar 10 1336110 336 11106313113 311631333156. No 56 11313113 611
11133113, 31 6351 63 1033 Ε511333, 61 11366156 1311 particulares fies-
135 601110 56 1136611 311013 31 5331151130 Sam-amento, asi en 13 50-
161331333 36 105 0116105 divinos, como en 61 3301110 36 105 3113-
165 y en 13 31133333613 36 13513665; 6113 11106310 33613313156 611
650, y 3 53 6161111110 56 60316323103 3 113661· 365135 63 135 363135
iglesias 36 11133113, y 36 3331 53110 133111163 61 eJ’emplo para 10-
305 105 3611135 lugares 36 Ε511333.

Solia decis 6513 516113 36 Dios que habia 113366130 gravisi-
11135 1611136101165 6511111133165 366163 36 6516 divino 131516110 ; 36
135 633165, 601110 113 56 11311356 111116 por 13 misericordia 36 Dios
y por 13 361106103 361 5331151130 53613136310, 1101 650 36563113
50163131231 6513 116513, y alargarse en esta 36νο6103 36 6333135
13336135 podia, y 6331110 113613 16 11316613 11060 63 13203 36
6510.

Τ6313 651166131 303 36 Ι)105 63 3133111131 135 313135 y ἓ33131135
para 53 servicio. Α636610 333 Vez que fleg& 3 6113 333 religiosa
muy congojada‚ 3333016 636313 36 31113335 60535 1316110165 36
53 alma. Despue's 36 113116113 0130, 33630 13 5161113 36 [)105 muy
confusa, por 30 531161 que 16 36611·; 1101336 30 13 habia 6316113130
(563311 6513113 13 316113 religiosa 13111333); y 363316330 3 13 013-
6103 60310 360513311113113, 11313 53631 36 3111 61 3616110 11313 63-
63131331· 3336113 31133, 60310 56 3311111656 33 11060, 0γο 333 voz
63 536305 336 16 36613, 336 1617656 131 31116310 36 333 63651103
36 531110 Το11135, y alli 113113113 10 336 1131113 36 1651103361 3 13

