APPENDIX QUARTA - 253

hus. Y viendo 111 5113111 madre 561· asi verdad, 1361130 511 6110623
37 00606610 11 511 111311.

Τ61113 1353613016 (16560 y 1135111 de ganas 11156301 61133135 31-
1335 01101656, 3· de 111161, 51 01101613, 11 111 religion 100115 6111131115
en el mundo 11110111 y 31115 650661111136316 3011611115 0116 61311 5115
0311631115 37 sobrinus. Ι36501165 06 31116110 61 [3110116 D. Juan 511
hermano, 06333110 6113110 111335 1111137 0601163115, 0111661016 11 13
madre Sor Francisea traer 11311 06 611115 01113 561· 3103311 11 511
6353, 37 6506613111161116 01150 105 0305 63 111 seguntia, no obstante
0116 511 313016 111 313303 13115 0116 3 10035 37 0116 6113 611113136316
0303 13116511115 116 0116 30 56 136113303 11 561 310333. Υ 63 6161111
06351011 0116 63110 111111 13 3133, 313300 13361 13 631303311111 061
030111110 011111 pedis 61 603563113116310 06135 3103335 371·661011·111;
10 611111 01616103 100115 6011 1701113130 grandisima.

La 31311, 0116 66110 06 ver 10 0116 01161133 113661 06 6113, aun-
0116 56 11120 61133111 1116123 pudo 0313 30 110131, 603 1000 650,
60130 61 1131310 6111 0060 y 61 amor y 16131113 (1116 0313 603 511
madre 1611111 13310, 0150310 611 113 1131110 133 16610, 0116 6611303
113513 111 §angre viva, 01016300 0116 13 06335611 5101116111 negas 11
ver 3 511 madre 3 103131 511 063016103 0313 561 1301133. 016370, 13
0116 13 161113 1111631135 61 030111110 0111303, 0116 5616 113013 06 mo-
rir alli 13 11133. Μ35 13 5161113 06 13105 Sor Francisca‚ salida del
capitulo, 110 56 111100 11303; 311165 56 llegd 3 6113 1111137 11511633,
’603 un 3130 365115 63 13 111330, 37 013016; Η133 1313, 30 1101615 111115,
0116 351 60130 5015 6115113113 63 fe de 03011305, 05 0650050 370 603
⁴ 6516 3130 365115, 63 6011113323 0116 vos me 53631615 6011 11011131
10133016, 37 53110 311137 60316313 3 1661011 13 6311030 0116 05 113663
65135 religiosas en 011616105 63 511 6011103313. Fue 6053 111313171-
11053, 0116 63 03763οΟ13 06611 301161135 1320365, 351 1115 30311110
611 511 60132011 como 5161 1315130 13105 56 135 013613. Luego 56
fue 6011 511 113, 5111 110131 31 11113 13011133 5013, 37 56 01656310 06-
131116 061 030111110 06 135 3103335 603 1133 6313 133 alegre y 133
serena, como 51 fuera 30116110 10 0116 113013 0656300 1003 511 vida.
Y viniendo 13 1311011653 511 madre 06501165 3 011616113 53631· 603
grandes veras, 01616300 0116 30116110 30 613 0110 5130 1003116
511 11133, y que no era 311510 0116 33016 013656 0116 por 11306113 1111-
tado 511 padre 13 10123033 11 561 310333 603113 1701113130 suya:
y (161335 06 650, 0116 11313 6601113 061 Principe, en que 13 06013
por 3163133, 351 0116 6163765611 0116 30 56 113013 06 11 sin ella. La

