50 S. mecfficos Rom-,m

any corn dit 65 11115 tant 105 (1115 (100 131600 6 (100 Ρ116111) 10110061
11000611 6 11111611 adquirit 011111 1110111 160011 60 111 80165111 60 1)6-
11611615 06051005 0 6010110065 o per 005 105 fos donat o procurat
600 5601011101 reuda o 11165 60 011165 bens Exceptats empero
51110115 0 11605111016015 (16 111 61150 (16 Sa Μο,“ per 105 001115 00
60160601 0116 105 (1115 1111106015 1100065560 (16 6655111 Aoo (16-
610101 0116 60 100111 00110111111 com 1101060101·οΠ 105 (1115 (100
131600 6 (100 13116111) 1011111161 6115611 (16 110116115 60 16000 (16 5016-
510 0 6011100065 o altres 1)605 1)61 005 (100015 6 1)1’06111015 60
1110111 6 600 5610011101 0000111111 (1101101161Χο060 105 (1115 011106015
Εο11)61·0 durant 10 usufruyt y viduitat 0116 110 (16 16011· 111 dita
111.“ 13110065511 60 105 (105 11111111 (1116015 (16 160(10 (161Χο15 6 16-
01115 111 (111 (100 13616 luys Galcemn fill 005116 y (16 11006110 volem
(1151)011610 6 ordonum 0116 105 (1115 1111016015 (161 (111 (1011 [)1600 6
(100 13116111) 0111111161 5160 (1001115 6 1)1-651015 1)61· 111 (11111 111.Θ 1311-
006550 5600115 110061111 1101111 6 0111600111 (161Χ1101110 0 511 bona
discrecio ordinacio 6 voluntat E 51 10 (111 (100 13616 luys Gal-
661110 1)61· 01011011 61111511 6 10110 6001111011 o 11160011οᾶ0 00 vol-
0065 (101101- 116 1)1-651111· 105 (1115 0111061115 1115 (1115 (1011 131600 6
(100 13116111) manuel 605600 any 60 65 1165 0111111 5005 11 6115611
(16 110116115 10 0116 110 podem 6161116 611 10 (111 ears 0111 1)61- 11110015
y 11011015 1)61· 11111 (115000601 volem y ordenam 006 105 (1115 baro-
0111 6 106115 (16 0011111165 6 105 66051115 in 51)6616 11601115 01 (111 (100
Ρ61·6 luys Galceran vinguen 6 1)61·10000611 111 (111 (100 131600 fill
nostre 6 (16 111 (1110 111.Ε 1311006550 01) 105 11111161Χο5 1106165 6
6000161005 (1655115 111)1)0551115 6 (1651001115 60 10 01101 6111510 (111
don Diego 5111 1600111 6 obligat donar 6 1)1651111· 01 (111 (100 13116111)
Μ1101161 105 (1115 1165 1011111 5005 (16 1111016015 6056110 any 01) 105
101061Χο5 1)116165 6 6000161005 (1655115 111)1)0551115 Ε 51 10 (111 (100
131600 110 110110 1)1-65101· 105 (1115 1111106015 111 (111 (100 Ρ116111) 1110-
111161 611 1111 61115 volem por 10 5610010111 105 (1115 baronia (16 0110111·-
1·65 6 661151115 11100060 61)61·111110060 111 (111 (100 13116111) manuel 111)
105 11111161Χο5 11106165 6 6000161005 (1655115 (1115.

02. 11601 1)61· 0111101 0 (105 (1165 (161 1065 (16 janes any mil
cinthents y 56156 60 111 6101111 (16 901110ος0 fonch rebut un 0616
(16 1011170105οΟ 0 (0011010610 per Eximeno Gil notari publieh (16
111 (11111 61111111 10 011111 005 sem y formam per 1·651)6616 (16110011 ex-
661160156001(101111101150 (16 1111100 Α1·61161)151)6 (16 ῼ111110060 ¹ 60

1 Dominus Alphonsus (16 Aragon, Archiepiscopus Caesaraugustanus, natus est

