776 S. FRANcrchs BORGIA

11130, 3056163105 3363305 3101 333 1762, y mando que 56 16 dm
31313 (336 63 316113 603101311333 10 16313113.

Μ35 (1630 3 10305 1315 6113305 37 6113335, 3 105 36 13 65631613
3111113 305 316565 36 136103 37 3 105 36, 13 65631613 311330 113 1365.
y 1113330 (336 56 165 313336 603 313313311333, 3101 (336 30 165 salte,
1111631135 56 van ό 56 360310333, y (33151613 310361 36331165 3101·
53 11133135 raciones 3 10305, 513116330 30 36331 63 30336 511331-
56135, y 3 1315 111305 31130 y mando que 105 1103163, 3373363 y fa-
170162633 3 6333 330 conforme 511 grado y 10 (336 1116 1133 561·
vido, y 3 10305 (336 1116 6360131633611 3 ]3105.

Μ35 (1630 3 61 1306101 1303 131630 (16 0631633, 13365110 36
105 313365 36 53 Μ3365133, (336 36 33 11631310 3 6513 313116 1116
1660361113 y (1166 111153, 3056163105 3363305 3101 11113 1162 63
136130113 36 10 (3116 16 6511130 y 31313 (336 136 63601316336 3
Dios.

Μ35 3630 3 13 563013 13033 311333 36 Βο133 6163 3363305 3101·
333 1162 y 13 53311160 1116 63601316336 3 Dios.

Μ35 (1630 313 563013 13033 Paula Camarera 6163 3363305
3101 11113 1162, y 13 53311160 136 6360336336 3 Dios.

Μ35 3630 3 13 563013 13033 Α310313 Ε56313316 61611 3363305
3101 333 1762 y 13 pido 136 63601316336 3 Dios.

Μ35 (1661310 (336 10335 135 3133335 3161135, (336 11330 3 1315
6113305 y (336 136 3515163, 56 113 36 63163361· perseverando 611 131
servicio hasta mi fin y 1336116 37 no 36 0113 11133613.

Mas 65 311 170133133 y declaro, (3116, 3101 633310 616313311131163-
10 36 6516 131 testamento consiste 63 13 116313 36 105 1116365 (3116
(33633163 63 561, y 63 13 601113323 36 10 (336 56 136 6513 36111611·
30, 5111 (3116 113373 313610 3110310 31313 6110, (336 3133330 36 105
3161105 1633305 37 1333335 (336 11330 63 61, 56 3136333 316311· ni
63663131 3101 61135 3 11115 1116365. 311165 51 3133110 36 105 131616-
53305 10 11161616, 16 privo 36 cualquier 36166110 (336 313633 haber
adquirido por este mi testamento, y 3037 3101· 11313 37 36 313333
113101 13 manda ό 163330, 3101336 fio 36 1315 165133163131105 (3116
60130 56 136163 1163316330 1315 11161165 37 601113330 10 que 56 136
36116, 1133 631331116330 6513 mi 11111133 170133133 , 603 13 313333·
cion 37 3316136103 (336 16330 (0133316330 3 1303 1113361560 36
Borja, mi hijo.

Μ35 65 mi voluntad que 13630 (336 3365110 56301 136 116116,
330 36 1315 165131363131105 116116 31 Rdmo. Ρ3316 Juan Eduardo

