FRATRES Ac SORORES. 509

13 3001623 60310 63 135 361335 60535; 57 3116 0313 6110 56 11161656
01003323 juridica por 61 63061133 mayor 603 1033 16611133 y
63161623.

A 13 313316 3033653 0316610 6513 1657 311157 rigurosa, y dife-
rente 36 10 3116 06313 13 1131311333 36 13 161113 36 Semta Clara, y
del 651330 y 010165103 3116 3111 56 113613. Ρο13116 31133116 613
justo que tuviesen 10335 331161135 6311331165, y otras 311161135 36
17111113 y 533135 (0513130165, 30 10 613 (3 511 0316661) 3116 33116-
110 56 11617356 133 rigurosamente y por 1613 36 justicia, 65066131-
136316 31131’65333056 63 650 13 110313 (16 1111116165 13165 60310135-
3116 3111 56 333111133. Y 351 3116 613 3135 conforme 3 13 13203, y
13130163 313 131636103 36 13 1113333013, 3116 33116113 13101133-
6103 56 11161656 56616131116316, 1613111633013 3 13 16113103 y 6115-
1133333 36 13 3033653, 601110 10 5133136303 13310163 13 6131151113
3116 611 13 1113336103 651303 0116513.

Μ35 60310 001· 0113 03116 601113 61 0316661· 36103101160 Rey,
613 1012050 3116 111101656 36 113061· 63 6516 6350 311157 grave 603-
116333. Ρ316613 3 511 Μ3165133, 3116 613 001113 36 13 3033653 y
3116161· 53111 63 33116110 603 13 511573. Μ3330 3 105 01613305 36 13
16113103 (1116 13 011516563 63 13203, 57 13 0011133563 (51 36 0113
1333613 30) 603 rigor y fortaleza.

Μ35 13 5161173 36 Dios, vestida (161 6610 36 511 16113103 y 36 13
1133111333 36 511 regla, y 601110 311163 133 01611 53013 13 1701113133
36 13 1113333013, 001 10 13116110 3116 113013 601311316330 603 6113,
5111110 603 grande 11111311333 57 paciencia 135160163510365 36 5115
01613305; 1601656313330165 51631016 3116 56 0106631656 63 331161
6350 6011 5113171333 57 13036136103 religiosa, 603 13 01131 613 1111157
136116035613111156 10 3116 56 016163313, (16 3116 56 3331111656 63
33116113 6353 gente 30016 57 11031333, 513 113661 1657 133 rigurosa
y tan contraria 3 135 36 31165113 133316 Semta Clara.

En 6513 0161635103 0615617610, suplicando 31 1657 57 3 5115 016-
13305 14 3305, 63 10305 105 6113165 30 56 33311110 ninguna monja‚.
por no 65131 averiguada esta (03116333.

Las 603113316610365 y trabajos 3116 suffio 63 6516 11611100 503
13116110 313570165 36 10 3116 56 011636 1616111 33111. 13013116 105 mi-
nistros del Rey, 1716330 3116 1133 31111161 5013 56 31161713 3 6011113-
36611 133 61313136316 3 10 3116 511 Majestad (1116113, 3136332303313
6333 11013, 573 603 3116 113013 01363 61101653 36 5363113 361003-
vento y volverla 3 511 6353 36 Gaudia, 573 603 3116 13 1130133 (16,

