90 S. F RANCISCUS BORGlA

en 10005 1101113305 011 301101 11011105 0011001οο, 10 011310313 37 011111-
331113 0011 1000 efecto, sin 11113311011301011 y contradieeion 31011113;’
y 351 50 10 0110310311105, 001110 131011 00 301101 001111311105. EmperO,
51 3301 301101 010110 110100010 111105110, 0 011310111013 0113 330150113
0110 3310101101050 330001 113001 131 11113311οῃ301011 0 001111301001011,
13 010113 111105113 00111051011, 1003005 y 0153305101011, 3301· 31011113
511111οΖ3 00 1100110 0 00 00100110, fuese 11113311οῃ303 y 0011113010113,
1313311οη3005 0 111133110113035 y 00111130101135, 10 0110 01001 110 po-
0011105, y 31011113 000131301011, sentencia 0 331ον151011 3301 30110-
1105 0 31011110 00 3011οΙ105 [11050 0131011103 0011113 135 0101135 111105-
1135 015330510101105 0 31011113 00 301101135, 011 131 0350, 00500
311013 33313 0111011005, 37 00 0111011005 33313 ahora, 1130011105 le-
0300 00 1003 30110113 0111111030 y (10 1000 10 0110 0011113 135
0101135 1111051135 0011105103, 1003005 y 015330510101105 50113 01310-
11100, 3 105 111305 0 111335 1111051135 y de 13 010113 11115110 1311011053,
11111301 111105113, 3 13 01131 0311105 y conferimos pleno y 1335131110
330001 (10 031, 3331111 y 01171011 y distribuis 30110113, y todo lo 0110
0011113 135 0101135 00111051011, 1003005 y 015330510101105 1111051135
suese obtenido‚ entre 105 0101105 111305 0 111335 1111051135 ,«- y en
30110113 0 301101135 3331105 y porciones que 30110113 010113 11115110
Β11011053 0110113 y 010011313, 330011οῇ35 0 01311005, 3 1003 511 vo-
· 11111130, 373 0110 011 01 010110 0350 011110 301101105 y 301101135 015·
3101103 ; 105 0113105 0101105 111305 0 111335 1111051135 y 00 30110113 50
11337311 00 101101 3301 contentos y 00111011135 00 135 partes y por·
0101105 0110 13 010113 11115110 1311011053, 1113010 00 3011οΙ105 y 30110-
1135, 105 0313, y 011110 3011οΙ105 y 301101135 33311113, 31111οι10 110
503 mas 00 1111 marco 00 331313. Queremos, emperO, y 010011311105
0110 011 01 011110131110 0110 13 010113 1033311101011 110 5013 1100113, y
005331105 0110 5013 1100113, 113513 0110 105 0101105 111305 0 111335 011
105 0113105 13 010113 1033311101011 5013 1100113, 001110 010110 05, 1011-
0311 0030 00 17011110 y eineo anos, 101103, 0113100, 3011111115110 y
conserve 135 00535 5013100101135 011 13 3310501110 0153305101011 0011·
10111035 y 00510113035 13 010113 11115110 1311011053, 1113010 00 30110·
1105 y 301101135. Y 0011111011οΟ 01 010110 0350 37 durante 13 010113
301111111511301011 00 135 0101135 00535, 51 3 13 010113 11115110 Du-
011053 5013 bien visto y 1011013 3301 bien 00 17011001 y 0113301131·
310111105 00 105 0101105 13101105 muebles y 00535 3301 1105 011 013310-
501110 100300 y 0153305101011 0033035 371003035, 011 1000 0 011
parte, que 10 3311003 113001 5111 31110112301011 31011113 0 0001010 00

