316 BORG1ANA FAMILIA REGNI VALENTIM

13 63116, 1113313330 361 mundo y de 10335 5115 1103135. 6331130
61 330116 D. Carlos 11630 66163 36 53 53310 03316 56 3060 36Ῑ
6303110, y 603 13 630623 36563016113 37 3131136 531315103 16 313οῑ
deme vuestra 6Χ661611613 653 0113, 036 370 13 11611316. Η661010
3133 31533510 61 06310 03316 633330 56 0370 tratas de excelen-
613, 001036 563113 13116110 036 16 11313563 603 1113105 36 56313-
165, y 165003310 31 133036; 370 11330 131 011610; 113663 1705 61

17365110 6 1305 603 6505 6303116105 036 05 65133 6506131130. En· ·

103665 61133036, 113616330 333 profunda reverencia y 365013163-

3056 36 53 53310 03316, 10130 3 53011 3 (1303110 37 0105131110 511

6313130, 03633330 3313113305 10305 30361105 5630165 3613 hu-
1311333 36 30361 53310 1731011.,, Μ36110 165013336610 63 6516 6350

13 1711133 361 53310, 0610 13310163 1361666 333111361011 13 1133111--

(133 361 301763 Duque 011333113056 31161131 1311 1131111136 63133 611ν
5613633316 6037331313.

0113 1762, 0353330 001 13323 61 Ρ. Ρ13361560 611 0635103 611
0116 651303 3111 61 (1110116 D. Carlos, 511 11130, 13630 036 6516 5300

036 venia su 531110 03316 16 53110 3 1661011 31 63131110 6011 31311

36011103331316310 (16 13361105 6303116105; 1335 63 63603113330105
61 5161170 (16 13105, 165 01310 001 31301 (161 56301· 036 16 36335611 11
5010 60310 00016 161131050, 33131633056 13310 36 30116113 110313
y 161135333013 603 131113 001113 03616 113016103 36 36331, 37 61 56
611110 5010 61161 13331 37 30056310 63 61 110501131; 0610 001· 30 16-
1161 036 603161, 603 5115 31101335 31 11013010, 56 fue por el 13331 3

0631110 116 11130533 y por amor de Dios, y 030163305613 dado en, ,.

3133335 031165, 56 17011710 31337 60316310 31 1315130 110501131; en-

103665 11630 11113 6013133 1111137 631301133 37 16331333 036 16 en· w

viaba el 33036, 11135 61 53310 03316 30 13 03150 1011131, 31616330

036 373 56 1130133 3630330 105 1633105 0313 61, y comiendo 5010. ι

36 105 1363313305 036 113013 16603130 36 11310533, 11120 repartir-
13 0113 6013133 63116 105 000165 ¹.

ΕΙ (33136331 CIENFUEGOS nos 113 113351311130 13 3600516103,
331333 63 036 61 33036 13. 031105 33 16511130310 36 13 3617061011ι

, «⁴
ἐ

36 53 03316 31 8331151130 53613316310. 13166 351 D. Carlos: *⁴

“ Ε513033105 31311335 176665 13337 16305 36 Gaudia, 31176111305 ζ

601113 6323, y 603 1030 61 0635313161110 0630330 13163531361116

63 01056331113, 633330 61 016331763131330 133036, 311 03316ι

¹ P. NIERENBERG: Vida de San Francz'sco de Borja.

1
1’1
11

