APPEme QUARTA ¹281>

de 13 3113 301, 13610 6116313 61111611 611 105 1316115 3615 66115315 pre-
505 611 1330313631 36 13 3113 301, 1361 60 65 1336131, 3116110111 6 6011-
601331 611116 165 31165 133115 0116 110 obstant 13 present 6313111113-
610, 1330313631 6 311165 36165 131163015, 611 11111113 36 30116113, 3 13
3113 Ill.¹³[¹a 1311011653 11 1651611 salvos 6 1116505 1015 505 31615 13613
13051131 1015 105 136115 1331316111315 0116 30116113 16 6 1161111631· 1015
105 31615 36 30116113 1361133176315 6011113 13 3113 1161611613ῑ 6 31311
1111110 1311611 13613 impugnas 30116115 0 alias 3116031 (16 505 31615
0116 1361 justicia 11 513 13611365, axi 611 16506616 (1615 6635315, 105
1316115 3615 011315 5011 51315 (1011315 611 0303111631 36 13 (1113 (101,
com en 165136616 3615 311165 6635315 0116 1651611 fora (161 311 13303-
13631, 360 36613131 0116 51 13 3113 Ill.¹1la 1311011653 56 1305113113 16-
nir 11165 0113311131 36 13635 1331316111315 13613 133031· 0 1131361 130-
0111 133031 105 1316115 3615 (1115 66115315, axi 30116115 105 1316115 3615
011315 503 51315 1316505 611 1330331631 36 13 3113 (101, 60111 105 0116
1651611 fora 36 30116113, 0116 611 131 6315 63 13 0113311131 601160-
11631 3 13 3113 0113311131 0116 probam 36 136115 133131613315 13 3113
Ilea Duquesa 10 131611 3615 3115 66115315 3011315 611 1330313631 36
13 3113 301, 16516 63 10635 1331316111315 36 13 3113 Ill.1¹1a ]311011653;
y 611 10 311 635 10 311 1111110 Duch, 611 10 311 nom 36 1161611, 11313 (16
113031 3 30116113 13 13311 36 13 3113 (101 0116 11 1651313 110 1330333,
6 36 30116113 5613 6161163013 1361 13 363116110 0116 56 1131113 36 fer
1361105 3115 13635 1331316111315, 10 0113113303111611110 3111111110 1311611,
6310 311 nom, 11313 36 fer 3615 311165 13635 36 13 1161611613, 313 10
01131 133616 56 11313 36 fer 10 311 1330331631 6 313063 36 13 3113 301
et non aliter nec alias 110 1153111 611 311 6315 36 13 tenuta sino 1361·
30116113 361 1316165 36 131113 13311 36 13 301 0116 11 1651313 1361 pa-
gar 3 13110 36 XV millia 10 milles.

116111 6 1336131 , 31630111 6 6011601331 entre 165 31165 133115 0116
101 10 01165 3011313 611 1330331631 36 13 3113 301 6 616111 1361 10 311
111.1110 Dueh 3 13 3113 Ill.ma Duquesa 51103 36 6313 6 13311633016
1361 13110 6 631153 36 13 3113 511131163610 131611305333 1361 13311 361
311 111.1110 Duch 36 13 3113 563163613.

116111 65 1336131, 31763031 6 6011601331 611116 165 31165 133115
0116 10 311 1111110 1311611 11313 3 1631136131 y 1611113616 6 11313 36 6311-
661131 6 161· 6311661131 0113156νο1 6111113165 13513365 1361· 13311 36
3011611 63 165 1363510115 36011365 6 3613630165 3615 66115315, 105
1316115 3615 011315 56 01611611 en 1330331631 36 13 3113 301 136113
3113111.1110 Β11011653. Et etiam 611105 66115315 desuper 366131315

