002 S. FRANclscl BoRG1A

0116 56 16 06 131110 6160110 601110 3 6516 11111651311161110; 13010116 65
una cosa 6011 61, y 10 0116 611 61 56 11311316 56 6111111313 601110 611 61
56 11311316 06 1111 1136161103, 31111οι16 56 113116 611 61 161706361011 06
31011113 6053 0 60535 06 6516 1111 1651311161110, 0 111311035, 0 06613-
1·36101165; 0116 611 1000 0111610 56 16 06 6160110 6111610 y 56 11303
todo 10 0116 611 61 56 11311316 y como 611 61 56 11311316.

11. 116111 11131100 y 0106110 0116 06 1111 1136161103 56 compre
tanta 161113 0 661153165, y 30116113 56 3111011126, 51 111616 11666553-
110, 0116 133516 13313 0116 6303 013 1361136111311161116 1301 1111 311113 y
06 11115 0111111105 56 diga una 111153 611 13 1016513 (16 Gaudia donde
1116 11131100 611161131; 13 61131 161113 perpetua 0 661153165 0610 y
mando 31 6313111110 06 13 (116113 1016513 06 Gaudia, 6011131 601101-
61011 0116 563 013110300 3 113661 (16611 13 (116113 111153 6303 013 1361-
136111311161116ῑ y 0111610 0116 65135 1111535 56 6011116116611 3 06611
06506 61 013 0116 Dios me llevare 06 6513 vida; 135 6113165 1111535
65 1111 17011111130 0116 56311 06 Εεᾳιιίεηῑ, salvos 105 00111111005 y fies-
135 06 01131031 06 13 1016513, 0116 301161105 0135 56 0103 61 officio
061 013; y 611 10035 65135 0161135 1111535 5310311 6011 1111 1651301150
501316 1111 sepultura, 135 6113165 misas 56311 1623035.

12. 116111 0106110 y mando 0116 6303 013 56 0103 61113 63131113
06 53111 Μ10116106 111165113 6353 06 Gaudia, por mi 311113, 11113
111153 351111151110 162303 3 105 Α1106165 1361136111311161116; 13313 10
61131 0111610 y mando 0116 56 compre 06 1111 1136161103 131113 161113
0 661153165, y 30116113 56 3111011126, 51 111616 11666553110, 0116 133516
13313 0116 56 0103 6303 013 1361136111311161116 13 016113 111153; 13 61131
161113 perpetua dejo y mando 31 501316016110 6313111110 0613 016113
1016513 06 Gaudia, 6011 131 60110161011 0116 563 351111151110 0131103οο
3 113661· 06611 6303 013 1361136111311161116 13 016113 111153 611 111165113
63131113 06 Gaudia 3 105 Α1106165.

13. 116111 0111610 y mando 0116 10035 135 176665 0116 56 11161616
13 13106651011 061 sanctissimo §aeramento 611 13 1016513 06 13
016113 Villa 06 Gaudia 1301 105 60113065 061 016110 Sacramento,
13 61131 56 511616 113661 6303 161661 0011111100 061 11165, 56 11303 1111
sermon 611 13 016113 1016513 611 1101113 (161 Sanctissimo Sacra*
mento, exceptuados 105 domingos del adviento y 61131-651113, 611
105 6113165 511616 1131361 561111011; 13313 105 0113165 sermones, que
13001311 561 611 61 3ῇο 06110 0 11116176 13060 11135 0 11161105, 0111610
0116 06 1111 1136161103 56 601111316 131113 161113 perpetua, y 30116113
56 3111011166, 51111616 11666553110, 0116 133516 13313 13 6311030 06

