APPENDIX QUARTA 199

que alli 163133 6313133103 3 grandes 10133335 y, 513 1103615610
651011131 Mahometes, 56 316116103 63 13 6111333 6616333.

Ρο605 3135 36511365 (16 11633305, 310 Μ3110136165 113 166151310
601311316 y 353110 3 13 613333; y 105 66163305, 603 3135 331130
(136 311335, 56 1111516103 3 13 (1616353. 13611111056 603 13 11316113
un 116320 361 31310, 1101 61 6331 63113103 105 131605 33113053-
1116316; 11610 113113103 63 105 311651105 13310 65136120 y 601316,
(136 165 fue5 scu-zado 10133156 3 53111, 17105 33651105 611 1105 (161105.

1111631135 1161631133 6513113 61 53310 113116 (3311153330, (16336
333 10116, (133(10 10665, 603 113 613611110 63 135 133305 1111316330
3111130 3 105 suyos3 133131616330 y 333161331123330 603 3133365
6Χ6613610365 3 105 13116165, y 113133330 3 13105 603 31361135 13-
3113135 (136 16 [3101661656. 1333 1111313365 33331131136161130 133-
favillas, 1161633110 60310 13116316 5013330 y 36035613330 60130
11133631151130 y muy 3165110 63111133. 13310 6513 111317151313 y
muy famosa pelea 13 mayor parte (161 (113, y vino 3 1031116156 (16
1333613, (136 56 310 11313113 63311131. Estuvo 13 victoria (133053
1133 3133 111623, 113513 (136 105 636311305 33651105 60136323103 3
11311, 110 13310 1101 161301, 60130 1101 3651131 3 105 6115113305 (16
13 613333 y 136161105 63 333 661333 (136 165 163133 1136513. §intio
este 633330 fray Juan (163(16 13 10116, y 60316320 3 (131 313331-
511335 170665 3 105 531705, 31616330165 y aviszindoles (1116 30 56
31613563 36 105 1311105. Y como 61 111130 (16 135 11013116135 y 311335
613 mayor (1116 5115 voces, vi& (136 30 16 0133 31 16 1103133 63163-
361. 13310 36 13 10116 63 113 1301116310, y 11630 36 1161101· divino,
6311056 por 63 1116310 36 135 133235, 65113335 y 3163113665, 603
su 61361310 63 135 133305. Υ 30 5013136316 3613170 535 363165 (136
30 5133165611 61 3163366 1101 163101 (161 11611310, 3135 333 1113116103
tanto 535 313036513610365, (1116 601113103 336170 331310, y 105 13-
116165 60136323103 3 huis 36 176135, 3613330 61 6331110 11630 (16
535 63611105 13361105 y 11611305 y riquisimo 36 13361105 365110105;
y Μ3110316165 53110 1161130 63 13 1611113 36166113, 603 113110 11611-
gro 36 13 vida. 13310 13 116163 631613 176131163311·0’110135; y (136-
33103105 131605 133 131133305, (136 13630 0110 313, 33165 (136
33133661656, 113516103 13630 31 1133316 y 3613103 3136113 y muy
313653 3111116113, y 1031310313 via 36 003513311301113 11135 (136
36 11350.

Fu& tan importante victoria 6513, (136 63 5013 6113 estuve> 1101
63103665 61 16316310 3613 61151133333. Ρο1(136 51 3336113 11313113

