FRATRES Ac SORORES. 487>

mismo dia 3 13 306116, (136 fue 5313330 3 105 xij. (161 131656316, y
31Χο 3 53 Μ33Ψ1 6510, y (136 61 333610 30 3313 3631330 (16 31333-
13116 (136 16313 313311 6561313310 (16 quc 53 Μ33.ἃ 113316556 in-
6311130 63 135 66353135, y aurique 53 Mag.d no 16 16313, 3111636,
1301 135 ]35111163610365 (136 113 33130 63 6516 11630610, y 561 133
3666553110 y conueniente 3113163 36 3(1361 scyno, 1033313, por
61 165136610 36 13 Sede Α1305101163, 651330 61 30311330 3 13 1113-
3333 6513613330 13 1651336513 361 333610, (136 30 vino hasta 13
13136, y 651333013 6513613330 310 61 161οΧ 135 (1026, y 3551 56
(136(10 513 311553 311361 (113. Α 13 13136 vino 61 01315130 (16 0361163
603 3133335 60535 (136 61 333610 16 dixo, y no hallo 3 53 M.d 63
6353, (136 651333 63 61 6313130, y 61 131165 36 mariana 1301310, y 16
313501310, 603 135 condiciones, y 36 13 1333613 (136 61 130313 (16-
211, 13365 5613 63 Μ33113 61 11131165, 5133161130 13 6031155103 (136
61 333610 16 3313 3330 36 13313013, y 63 633113111316310 (161135, y
porque 61 nuncio 363133556 36 61311131 105 36513361105 3 Valencia
13313 31631 135 66353135, 6013010 3313 0111656130, 51 (105 Τ116010-
305 56 10 33333 1301 133165661, y 51 53 1115116 1310316113 10 60316-
11130 63 13 663313; 16 6311310 53 M.d 61 13365 3 13 13136 603 61
316110 01315130, y 0036310 136162, (136 13 5611310, 13 663313, cuya
601313 va con 6513, y 013630 31 01315130 (136 13313556 3133305
Τ116010305 y 105 informasse 36 135 633535 (136 36 133116 36 53
Mag.d auia 611 6516 1163061ος y 3551 junto 3 fray 0111151033136
0013033 Ρ103136131 36 105 0031131605, y fray Ρ6310 36 035110
guardian 36 531161 francisco, y 3 fray Antonio 36 Tamayo 36 13
misma orden, y 31 Doctor 03130 03303130 36 13 Μ33151131,
Τ116010305; y 3316113010 1311330 muy particularmentc‚ 36161131-
333 y affirman 10 (136 56 vcra por 13 601313 361 133165661 (136
316103 firmado 36 535 3011113165, (136 56 310 31 333610, y 56 16
31Χο y porfio 13133136316, y 56 16 6311630 13 316113 663313 36 53
Mag.d y 133165661 36 105 Τ116010305; 13610 30 56 (13150 6031611131
603 6110, y assi 16131160, 65611316330 3 53 1113351 vna 63113 3
105 xvj. 36516 11165 36 56116131316, 63 (136 63 effecto 16 1)6(113 305
60535; 13 vna (136 53 11133(ἰ 16 3556331356 (136 6311313113 13630
3 53 53311333 61 131066550 36 don Diego‚ 0 53313110 361, y 13
0113, (136 63 vn 616110 termino 36 (131326 3135 0 13060 1335, 53
Mag.d 111216556 determinas 13 63353 y 1613155103 (161 316110 don
Phelippe, con 01135 60535, (136 56 16133 1335 611 particular 1301·
13 copia 36 53 misma 63113, (136 yra 3(131; 3135 quales 10335 53

