2(ὶὲ BORGIANA FAMILIA ΗΕΘΜ VALENTlNI

Item 11113 gargantilla (16 01 laugera smeltada de negre y
01311611 (1116 9653 1165 onzes y hun argent.

116111 611 una 6395613 0131163 101611 311003(165 111165 quantes
96116165 chiques (16 9063 11119011311613.

116111 (105 verguetes (16 01; 9653 mig (111311 111611515 (1611 grans.

116111 1111 31161161 30 11113 51116131(13 (16 90631111901·1311613.

116111 1111 31161161 (16 111111 10011161.

116111 31116 31161161 30 1111 diamant 6111611 1311 (16 601.

116111 111111 31161161 511131131 (16 negre 30 111111 1360611161 061131131.

116111 611 11113 enixa y (11115 33116113 101611 311003365 (101Ζ6 1113-
1111165 (16 01 6111016031 30 1111 1611110 (16 161165 31 61110111 (1116 965611

515 onzes 1165 (1113115 51 hun argent.
Item 611 11113 63111613 101611 31100315 quaranta huyt granets

01311605 (16 113(111613.

116111 611 111111 93961 515 561151315 (16 93161 nostres de 03166ᾶο-
1113 y einch grans 16(10115 (161 10316111.

116111 611 11113 63953 (11115 3(1116113 101611 31100315 515 (10126365
(16 111111315 (16 01 31) 116165 negres: 96531611 30 165 (11165 116165 561
onzes (111311 51 mig„ ’

116111 111111 93961· 31) 111111 y (105 grans (16 3(1Ζ606]’3.

116111 111111 51061161 (1311131 30 101 5011 39931611.

116111 611 11113 63111613 negra (11115 13 qual foneh 3110031 111111
305161 11011161131 61 651610 31) hun balaix: en 131113 9311 10 (16113113-

1116111 (16 13 61611.
116111 611 13 1113161113 63111613 111111 031311( 131113 engastat 1

611 01.
116111 (11115 31113 6395613 16(10113 1011611 3110031 1111 105161 31) 111111
0611 031311( 6 1165 (11311131115, 10 1111 061131131 51 (105 1311165; 30 1165
961165, 13 11113 9611(16111, 165 311165 31 605131.
116111 (11115 11113 31113 6395613 1011611 3110031 111111 joyell ques
diu 13 1053, 30 515 (11311131115 1311165 611 10 61110111 y hun 1001 611 *i

(101 611 mig.
⁵ Item clins hun altra 6395613 0131163 101611 31100315 1111115 tro- Ἴ

5615 (16 01 11611 (1116 965611 111111 argent.

116111 611 1111 31113 6395613 0131163 quatre perles 30 engast de
or, 165 (105 grans 51 165 (105 1111131166165, 51 (11011511 961165 6111113(165, 3 -
51 vint y 561 1111131166165 50116165. ’

116111 111111 1105 (16 61651311 engastat 611 argent. Ἃ

116111 6111611 1116(131165 51113113(165 611 601116ε 13 11113 3013 mategy 1 ἶ

