7¹26 S. FRANclseUs BORGIA

Item 031610, 0106110 y mando que 3 0311131133 y 3 Α11163

mis 1110235 165 563 pagada 13 5010303 036 56 165 (16171616 31
11631110 (16 1111 11136116, y que vltra de esto 135 17151311 y se les de
5611035 6311135 06 110113 (16 11115 17161165.
ᾖ 116111 031610, 0106110 y mando 036 3 Anna de Medinilla mi
611303 56311 (13(105 (16 11115 17161165 111111 5361005 13036565 57 3113
631113 (16 110113 611 357303 y 601116111111361011 (16 53 11131111110111ος
11610 5161100 6355303 31 116111110 (16 1111 11136116, solamente 5616 (16
10 0116 611 capitulos matrimoniales 16 habre 111311030οῑ 036 611
6513 y en 135 06 3111113 56 3 (16 6111611061 036 56165 3 (16 pagar de
10 036 165 0171616 11103161100 611 6031631111361011 (16 5115 1113111310-
11105 165 01160316 6163161100.

116111 (16Χο 06 gracia 651166131 3 1313113 (16 5313231 1111 611303
03311061611105 51161005 ]30116565 11313 357303 (16 511 313111130310;
51 sucre 6355303 31 116111110 (16 1111 11136116 031610, 0106110 y
mando que 56 16 06 3036110 036, 0610 036 16 habre 111011161100 611
63553111161110, 16 0360316 (16316300.

116111 por (11131110 570 1110111611 (105 6311665 3 11357 Domingo
Valsanas 11313 (105 11101135161105 036 61 11120, y 570 16 (11 573 61
vno, 031610, 0106110 57 11131100 036 (16 11115 17161165 5610111611 17611116
57 611160 (1363005 57 56 11161036 6011 61105 un 63112 06 111313 (101300,
61 0331 56 (16 611 5631113 611 11365113 563013 (16 Gracia, 11313 (1116
(16 3111 56 56113 en (11131 (16 105 (105 11101135161105 dio fray Domingo
Valsanas 6163112 036 57016 (11, 57 5311100 56 (16 610110 63112, 036 570
dexo por 6516 1111 1651311161110, 31 monasterio (1116 61 110 16 (110; 57
si 6510 110 11301616 53116156, 031610 036 56 1763 01131 06 105 (105
Monasterios hechos 1101 61 dicho Valsanas 116116 11135 1166651030
(161 0110 63112, 57 3 30361156 (16 3111; 61 qualMonasterio 031610 113-
ber aqui por nombrado.

Item 0111610, 0106110 y mando 0116 611 6303 vna de 135 1165
Ρ3561135 (1613ῆο 116111613311161116 06 11115 17161165 563 17651100 1111
1101116 06 13 171113 06 pedrola de 11330 (16 1110366110 57 (16 1000 10
036 113111616 1361165161 (165(16 105 pies hasta 13 633623, 57 51 fuere
muger 56 16 (16 11131110; 1131310 0331 por 11115 executores se funde
1161113 perpetua, y ordenen quien de esto y de 1161131111· 135 01135
11611135 tenga cargo 116111613311161116 11313 036 56 cumpla mi yn-
tencion; que 13 010111361011 0116 611 6510 56 11161616 1101 61105 (16·
claro ser 1701311130 11113.

116111 031610, 0106110 y mando 0361 (113 (16 1111 diffunssion se

