J. BORGIA TESTAMENTUM 77

1130100103, 31 00301· impedimento alguno por 01 dicho 3305110
5300501, 31 001· 0113 0015033 001· 310113 0110 111310 31 03353,
00130 0513 503 31105113 31111113 y (101013113303 νο133130.

21. Ε 030101305, (115003011105 0 01001131305 030 (10 105 (1101105
33051105 010305 503310133035 001· 105 (1101105 33051105 1051311103-
131105, 03 13 1011113 5001001003, 11050103135 110135 1303003 103105
(10 Valencia, (10135 0113105 503 030303 31105113 5001111313, 1013313,
331110153110 ‘y 0300 00 33ος y 0313011035 10035 135 00535 50010-
0101135 y 0303 1133 (10 30301135, y 135 0110 03 5031013310 10111303
001· 3305113 31313 50 1130133 00 113001· conforme 31 01003 y ma-
3013 030 001· 01 01050310 3305110 11111310 testamento 50 1305-
11313, 05 3 saber: 030 01 (113 030 31105113 31313 5013 50031303
(101 0110100, 0301011105, (11500301305 0 0100331305 0110 30301 (113
503 17051100 (101 1130110 001 glorioso y bienavcntur'ado Ρ3010
533 ]01031310, 3000300 11305110, 5111ον300 3 13 001051351103
500311313 5111 0113 001303 310333 5130 03 13 forma siguientc,
0510 05; 0110 300310333οΟ 001 (1033 y canOnigos y 0300113305 (10
13 500 00 13 (110113 3305113 Villa 00 Gaudia, novando 0303 330
00 30301105 03 13 31330 113 01110 0300311100, 105 0113105 50311 (13-
(105 0313 01 3133101300 (101 5331151310 Sam-amento, 503 1101300
001 0000 000105 3 13 iga-lesia (101 01033510110 (10 53313 Clara (10
13 (110113 3305113 Villa, y 3111 503 (110110 y 0331300 50010 01 (110110
3305110 030100 001· 105 (1101105 0330111005 y 0300113305 33 105-
00350 00 (11133105, 003 135 3050111010305 y oraciones 30051331-
013035, y 0110 001 135 3103135 (101 (110110 111033510110 (10 53313
Clara, 0 (1050305 03 13 forma y 1333013 5001001003 503 11011300
01 010110 31105110 030100 3 13 (110113 500 0 1010513 0010011103 (10 13
010113 3305113 Vina 00 (333013, y 031011300 03 01 11350 300300
05133 5003113005 105 0301005 (10 105 muy 11351105 1330305 3305·
110 03010 y 110, 030 03 gloria 5033, 105 033105 (1101105 (1000 00-
0105 0110101305 y 0100331305 030 vayan vestidos (10 10035 y
5031010105 0133005 001 13 00113013 (10 Ν30511·3 503013, 105 033-
105 30511005 105 5033 (13005 13313310310 003 33 (1303(10 00 010
001 11130533 3 0303 330 (10 30301105, 001· 105 (1101105 33051105
105131303131105. 1313313130310 003 0510 0110101305, (11500301305
y 0100333105 01101053130310 0110 ninguna 0113 0015033 110110
13311003 31 03011010 03 13 030023, 31 0110 03 3305113 1330110 50
1115133 (10 105 οΧ0051νο5 (130105 030, 001· 13 11331030 00 0510
133300, 50 3005111310133 3103335 110005 nevar.

