FRATRES Ac SORORES. 489

(16516 negocio 611 (1116 1611313, (16 (1116 3551 111151110 yra 001113 0011
6513; y, 3111611(1010 visto todo 511 Magfi, 16 1111165010 (1116 ya 110
00111161113 3 511 31101011(13(1 y 1611111301011 311(131 611 11135 (16111311-
(135 111 165111165135 0011 61 Ν1111010, 51110 111311(13116 yr 3 Μ3(111(1,
11313 (1116 3111 56 1163 1101 105 (16 511 00115610 10 (1116 113 1)3553(10, y
56 11101163 10 (1116 11135 conuenga3 y assi 16 50111110 3 105 xjx (1116
56 1116556, 0011 occasion (16 10 (16 135 11316135, y mandaua 13111111611
3101115110 (16 (31161103 (1116 56 1131116556 11313 10 111151110, 61 (11131
116113 111611 6111611(11(10 61 discusso (16516 negocio, 1101·(1116 113 51ᾱο
61 (1116 (16 113116 (16 511 ΜᾸ1 10 113 11313ᾱο 11135 0011 61 Ν1111010, 31111-
(1116 13111111611 16 113 1131113ᾱο 3111111135 176265 61 Duque (16 Α1113 y
61 5601613110 (30110310 116162, 001110 6513 (110110.

1365111165 (16510 16 111311(10 511 Md 11311131 31 000101 Castejon,
(1116 Va agora por 115031, y passo 0011 61 vna larg-a 11131103, (1116-
11611(1016 11615113(111 3 (1116 110(113 y (161113, 1101 (165031ςο (16 511
0011501611013, 31031 1116ςο 13 0655301011 3 diuinis, y 31111 61611116(11-
0110; y 10(135 135 13201165 (1116 61 16 (11Χο 110 1135131011 3 (1116 56
16501111656 611 6110, 51110 (1116 611 todo 0350 (1116113 001111111103110
0011 61 auditor Aldrobandim, por 13 031153 (1116 (11Χο 31 01115110,
(1116 110 11316506 (1116 31113 (16 110(161 11135 (1116 61 (13ῆο (1116 56 16-
01116 611 Valeneia, (16 13 0655301011 y entredichQ y no 113261 jus-
11013 105 officiales della, y 3551 56 11311611 1113113113 11313 Μ3(111(1
61 y 61 01115110 (16 Caenea, conforme 3 13 01(1611 (16 511 Mag.d z
fecha 611 61 1105(1116 (16 Segouia 3 xx. (16 561161111116 Μ.[).1,Χ1]’.;

Α111356 01111(13(10 (16 (16211 (1116, 1116ξο 001110 511 Μέῑ 511110 10 (1116
113553113 611 valencia, 61111110 3 (131 113116 (16110 3 105 (161 511 0011-
5610 (16 Aragon, y 3 pedirles su 113165061, y 61105 1·6511011(1161011
(1116 10 (1116 61 Ν1111010 y 5115 delegados 3111311 1160110 613 1111110, y
assi 61311 obligados 3 1611003110, y 611111131011 01(16113(135 (105 06-
(111135 11313 61 Regente y abogado 115031 (16 1731611013, 11313 (1116
111006(11655611 0011113 61 vicario, y official (161 Α1001115110 (16 Va·
1611013, y 01105 (1116 1111111655611 11116510 135 0611511135 y 0655301011
3 (111111115, 001110 611 3(11161 1651110 56 113 30051111111113ᾶο 611 561116-
]’311165 03505, y por 105 [116105 y 00115111110101165 (161 56 11116ε16 113-
261; y su Μ.(1 (111310 (16 firmas 135 031135 11135 (16 00110 (1135, 11313
ver 51 56 110(1113 1161131 61 Ν1111010 1101 111611, y como no 31110116-
0110, 135 firmo 3111161, y 135 61111110 31 00115610 (16 Aragon, para
que (165113011355611 0011 61135 3 Valeneia, y 56 1153556 (161135..,

