FRATRES Ac SORORES. 505

13113 con 011135 36 171113365 116101035, 63 336 56 6161011303 0333
dia. En 10335 135 00535 36 13 16113103 613 13 111131613; 63 105
6161010105 533105 36 13 0130103 y 0031613111301ό3 613 00311333.
En 10335 135 011135 36 0311333 y 1133111333 613 6131631333.

(3160161130 63 10335 65135 171113365 0333 313, 03601056 13 fun-
330103 361 336170 convento 36 Religiosas 1365031235 36 11133113,
13 0331 56 113013 3 instancia (16 13 5616315333 Ρ1130653 36 Ρο1-
tugal [3033 Juana 36 Α351113. Η3111311 531130 Υ3 11313 6513 3115313
[33330103 13 133316 Sor Francisca 36 16535, 53 113, Υ 13 313316
Sor Maria 36 16535, 11113 361 31313365 36 136313, 133111163 53 113,
003 01135 religiosas 336 116173103 consigo. Υ fue} Dios servicio
336 13 333 Υ 13 0113, 36511335 36 1131161 5130 63113311135 311336-
535, 11353103 (16 6513 vida antes (16 631131 611 61 336170 convento
36 Ν365113 563013 36 13 00350130103, 336 1101 01363 3613 310113
111130653 63 Μ33113 56 113013.

Υ 001110 1101· 6513 03353 [3656 1012050 113116156 36 113061 6160-
0103 11313 61 310110 convento 36 31133653, 10335 135 religiosas
(1116 65131133 Υ3 611 Μ33113 y 11311133 6311330 (00310 Υ3 33633
310110 3111113) 6313 336113 0353, 3616131133103 36 elegis 3 6513
5161173 36 Dios, Sor Juana 36 13 Cruz (no obstante que 3113 65-
13113 63 (333313), 1101 31133653 Υ 133316 53Υ3. La 61600103 133
1761333613316316 3061133151313, 1101336 0030311133 3131317111053-
316316 63 6113 10335 135 11116335 1131165 336 11313 61330130 Υ 1161-
1305313 36 una 113633 11161333 0031763133.

Ε13 36 0033101011 5331715333, 36 331310 1631, y 63 10335 5115
30010365 133Υ prudente y 00351361333. Ε13 muy amiga 36 36-
011 11163 36 10305 y muy 130113333 3 011135 36 0311333. No 16
11316013 110361 16361 11313 51 0053 65111111331 Υ 001110131 336 30
13656 11313 113061 11163 3 135 363135 003 6113. Solo 33361 11613110
16 11316013 11163 6311116330, 63 336 1131113 6161011330 13 0311333 Υ
1160110 algsm 11163 3 5115 1131113105. Con 65105 y 01105 31301105
1116365 y virtudes estaba maravillosamente 33013333 Υ 315-
1136513, 11313 (136 10335 135 religiosas 113516563 13513316316 105
0105 63 6113. Υ 351 53111103103 313 5616315333 Ρ1130653 13033
]3333, 53 133333013 Υ 11311033, 336 11365 36563113 tanto 61 bien
36 3336113 336173 0353 53Υ3, 13 proveyese de 33361 336 133 im-
portante 1131113 36 561, 9100313330 336 17131656 3 6113 131 1116-
1333; 11313 10 01131 113503103 656 136310, 60113330 36 ver 336, 513
duda ninguna‚ habia 36 1131161 313Υ gran repugnancia 36 parte

