FRATRES Ac SORORES. 513

01611 11313 135 3116 65130311 531135, 51 36350 135 1·613 113635 0 111315-
111165135, 3111 mismo 165 guisaba los huevos de 13 manera 3116 105
11301311 36 comer: y 3 135 11061165, 611 11117161110, 56 113613 11361 3
13 631113 171110 y 11311 1051330, y de 511 11101113 1113110 165 113613 105-
13335 11313 3116 1116165611 601361011 6011 61135.

En todo 61 116111110 3116 65111170 6111611113, 1311135 3610 36 36611·
61 011610 31171110; y 61131130 110 613 11051016, 1101 65131· muy 3111613-
33, 113613 3116 56 10 31165611 36 manera que ella 10 111131656 011, y
asi 10 103 siguiendo 61131110 110313. 01131130 13 6111611116333 110 13
obligaba 3 65131 611 13 631113, 1101 muy grande que fuese, 56 103
31 6010, 110 005131116 3116 1111161135 176665, por 13 gran 113311623 3116
161113, 311165 36 llegar 3 61 56 3651031303. De 6513 misma ma-
nera 56 16173111303 3 601116531 y eomulgar 6011 61 60111761110, 1101
muy 11363 e 11131511116513 (1116 65111171656.

Y 51 alguna 11101113 651303 6111611113 (16 algtin peligroso y
grave 11131, luego 56 103 3 65131 6011 6113, 35151161130 5161111116 3
511 63066613. Ε5131130 11113 351, 105 medicos 16 11115161011 611 6011-
61611613 (313 Αο33653 Sor Juana de 13 Cruz) que 110 56 1617311-
1356 36 13 631113; 11610 613 11601· 11313 6113, 1101 61 gran 61113330
3116 161113. Ν1113613 0113 6053 51110 6111713116 166311305, pregun-
tando 10 3116 (1116113 y 51 31151303 36 alguna cosa, 11013116 110
110313 sosegar 5111 176113.

Con 6513 misma instancia 3611313 3 10335 135 0011336101165 36

, 511 011610 y 3 1030 10 3116 13 6311333 116313. Ε13 611 511 aspecto

muy 311361016; 611 61 11310, 313016 y grave: 11101706303 3 10305 3
1761161361011 y respeto, 1111110 6011 311101; y 311113116 10335 56 16 16-
111311 muy grande, 11135 13 5161173 (16 Dios muy poco 56 6111303 36
135 60535 36 6513 17133. ’[033 13 vida 1135303 611 continua memo-
113 36 13 111116116, y 6113113013 311611311 granjear, 110 11031311 36611-
16 11131701 11501113 3116 36611 3116 511 111116116 651303 ya muy 66163.

Cuando 36300 105 11611116 31105 36 3033653, y vino 331161 molle
proprio 361 Ρ3113, 611 3116 56 1113113303 3116 135 30336535 110 6161-
61135611 11135 36 1165 31105 5115 0116105, 31631120 6011 grande 11151311-
613 3116 56 6166111356 33116110 611 511 60111761110, 3161131130 511 611161·-
1116333 y 110635 11161235 11313 113531 336131116 611 331161 011610. Μ35
17161130 3116 36 601111111 601156111111116111013 1701171311 3 16616311 10335,
110 obstante 13 mucha 601111331661011 y lagrimas 6011 3116 56 (16-
1611313, y que 13 obediencia del superior 56 10 1113113303, 11110056
’(16 1611311 31 yugo 36 6113.

33

