J. Bomxm TESTAMENTUM 37

111111161115 (1615 0116 111 (11111 111.“ 1311011653 1111116 (16 11011611 11 volsa
donar y 31111161113110 11111611115116111 11111161 65561 601111)6111(111 11 11165
»(161 (1655115 (111.

50. 116111 161Χ11111 611 111 minor forma y manera 0116 podem y
1)61· via (16 11651111 111 (111 (1011 1)616 111175 (3316611111 (16 1101111 1111 1105116
60 3 505 11115 y (1656611(161115 1661111115 y 1131111315 y 611 desecte (16
30116115 31 (111 (1011 Diego (161)01111 ,11611113 (16 3011611 y 1115 56115 y 31
(111 (1011 Ρ116111) 1113111161 y 1115 56115 5660115 (111 65 10 (1116 10 Egregi
(1011 (3111116111 Ramon (3111661311 (16 Castro y (16 1)11105 vezconde (16
Ε1101011616 (16 30116115 1105 (1611 (16 3161111165 0113111111115 011611113116111
prestat 165 011315 5611111 1)0611 11165 O menys 11115 611 5111111113 (16
6111611661115 61116315 60111 56 1110511313 1)61· ferma y signatura (16
53 1113.

51. Ι16111 volem disponem y ordenam y per via (16 11611111 O
611 111 11111101· forma 0116 podem 161Χ11111 111 (111 (1011 1)616 luys (331-
6611111 (16 1101111 fill nostre y 1115 56115 (16566116161115 1111156165 1)61· 111163
masculina llegitims y 1131111315· y 611 (1616616 616 30116115 31 (111 (1011
Diego (16 601111 1111 1105116 germa (16 3011611 y 315 56115 56110115 (111
65 y 611 (1616616 (16 30116115 31 (111 (1011 Ρ116111) Μ3111161 1111 1105116
germa (16 30116115 y 1115 56115 111111 61611 (16 01· ab un 6111511161 611 13
01131 5011 105 631)5 (1615 6111115 1165 (11311131115 (16 1)111113 y 13 plaga
(161 6051111 1111 rubi y 611 111 61611 5011 6111611 (11311131115 1311165 y huyt
perles 1115 6111)5 (16 13 dita 61611 y 11165 1111 60113161 0 gargantilla
(16 (10126 (11311131115 (16 1)111113 y 561 1131311105 31) 171111 y 515 1)61165
Ὶ17016111 61119610 (1151)0116111 y ordenam 0116 11115 (1116 10 (111 (1011 1)616
111175 (3316611111 611 5011 6315 y 10 (111 (1011 Diego y (1011 Ρ116111) 1113-
111161 611 10 5611 51611 (16 6(1111 635611 (16 30116115 (16 171111 y 6111611 311175
tinga gum-de 3(111111115116 y 6011561116 13 (1113 111.Θ 1)11011653 111316
(16 30116115 165 (11165 60565 y joyes 611 10 1)1656111 Hegat contengu-
(165 y designades 611 1)10111 (161 (111(1011 1)616111175 (3316611111 611 5011
61115 y (161 6111 (1011 1)16ςο y don Ρ116111) 1113111161 611 10 5611.

52. Item volem disponem y ordenam y 1)61- via (16 1166111 0
611 13 11111101 forma y 111311613 0116 1)0(16111 161Χ3111 111 (111 (1011 1)616
111175 (3111661311 (16 1)0113 1111 1105116 y 315 56115 11115 y (1656611(161115
legitims y 1131111315 y 611 (1616616 (16 30116115 31 (111 (1011 (116ςο (16
1101111 1111 1105116 germa (16 3011611 y 315 56115 (16566116161115 llegitims
y 1131111315 segon (111 65 y 611 desecte (16 30116115 111 (111 (1011 Ρ116111)
1113111161 y 315 56115 165 60565 5601161115 Ρ111116131116111 111111 611(16-
116111 1111116653 (16 611611165 o 1)11161 11051165 (16 01 un 611(1611111 (16

