118 S. FRANCISCUS BORGIA

1761531, 61 61131 haya de 101331 31165110 nombre y 1161731 311651135
311335. Υ 51 30 10 011151616 113661, 011613 316113 31165113 116163613,
511665103 y bienes vengan y hayan de venir 31 0110 hermano de
301161, 56ς113 10 61131, 3511315130 563 obligado 3 101331 31165110
nombre y nevar 311651135 311335. Υ 51 3010 011151616 113661, 0116-
161305 0116 vengan 105 3161105 1116365 y 116163613 311651135 3 105
01105 111105 17310365 36 30116113, 51 01105 111171616, ἓ«1111313330 63116
301161105 61 316110 01363 36 primogenitura, Segt'm 65 dicho. Υ 51
30 1111111616 111105 17310365 (16 30116113, 0 1131116330 111105 17310365 36
30116113, 65105 30 0111516163 101331 31165110 nombre, ni nevar
311651135 311335, 611 131 6350, 0116163105 011613 316113 31165113 he-
163613 universal y 1116365 vengan 3 0110 365663316316 36 0113
11113 31165113, 173103, 0116116330 y 315110316330 0116 61 mismo 01-
den 563 guardado y 01156117330 611 311651135 111135 y 365663-
3163165 36 65135, 36 13 101313 y manera 0116 56 113 dicho respecto
de 1111651105 111105 17310365, 65 3 531161, 0116 13 mayor 563 prese—
1133 3 13 136301, 516330 30116113 36 111163 63163313116310 y no 16-
ligiosa, y 61 365663316316 0 (1656633163165 36 13 mayor, 56311 1116-
1611305 3 105 3656633163165 36 13 1116301. Υ 351 56 siga de 111105 63
01105, 5366316330 1311 5013316316 11113 11113, 0 1130 36 105 365663-
dientes 36 6513, 63 13 (116113 31165113 116163613, 5111 disminucion
aIgumz, 601110 (116110 65, 36 legitima falcidia 1161161133163. Υ 36-
6131330 6510, 0116 51 13 11113 0116 511663613 63 1111651105 1116365, Du-
6330, villas, 635111105 y lugares, no 111171616 (165663316316 varon
y 13 0113 11113 31165113, 13 3135 proxima, 313 0116 1131113 511663130
63 13 316113 31165113 116163613, 111171616 11110 173103, 1131111 y 30113-
1163130 6313 forma 501116316113, 61 61131 101116 31165110 nombre y
116176 311651135 311335, 0116 301161 131 563 1116161130 6313 5116651011
36 13 316113 31165113 116163613 3 611310111613 1311161, 365111165 36 13
31116116 36 13 0116 1131113 111113610 51166(1130 63 desecto 36 1731·0365;
60310 31165113 131636103 y 1701113133 563 0116 611 10305 1161111105 63
0116 56 11311313 11110 173103, 365663316316 36 01105 3656633163165
311651105 17310365, legitimos y naturales de legitimo 3131111110-
310 3361305 y proereados‚ y no 1131163130, como 6513 316110, 0116
301161 131 563 1116161130 3 611310111613 3111161, por proxima que
3 305 563 0 3 311651105 5116650165, y 6653330 13 1313656611363613
masculina, 563 1116161130 61 varon legitimo y natural, 365663·
(116316 36 611310111613 365663316316 31165110 y 36 31165113 11363, 3
611310111613 3111161, 31130116 563 63 grado'de pariente, 13 3135 603-

