254 BORGmNA FAMILIA Rsscm VALENTJNI

santa 31133653 16 1651103310 603 33116113 113Ζ y 5051630 3116 3605-
1111111113113, 3116 511 116116103 613 muy justa, que 511 hija 56 111656·
63 11116113 11013, 51 6113 3116113. Ρ313 6510 56 13 133330 110361· 36-
13316; 133513 3133 (3116 ya no era 5130 313336), (16 131 manera
16515110 3 10 3116 511 133316 3116113, 3116 51 131161135 1116103 135 13-
31111135 3116 3111113611110 36113313113, 33330 3 63163361· 3116 30
3116113 ser monja, 513 6013113136103 6133 31310165135 3116 631011-
665 1161113 11013116 30 13 536356 511 313316 y 13 111111356 36 331161 ’
11163 133 313336 3116 161113. Υ 60310 51 fuera mujer grande y 1161·-
fecta, 603 331310 11310311 y pecho 603513316 111310 3 511 313316
3116 30 1133313356 63 5363113 36 3111, 11013116 6113 30 1131113 36
3116161 0110 6511050 31 0110 Principe 5130 3311613130 ]65115 3116
511 113 16 31613. Ε516 11130 ]65115 1131110 365111165 3 11113 531113 reli—
31053 (16 33116113 6353 11313333 501· Buenaventura.

Despues de haber 16311361330 501· Francisea (16 ]651’15 61
63130 36 Α1133653 36 53313 01313 (16 Gaudia, 6031632056 3 113-Ἰ
131 36 13 1113336103 36 0110 convento, 13 61131 1131113 36 561 63
03511113, 36 13 111113613 16313 36 53313 01313, 3116116103 36 3033
]1111333 36 Α13303, 1311311653 36 131135 y tia (161 Ρ. 1313361560 36
Borja, y 63 113 111331 36 13 Rioja 11313330 0353 36 13 Reina. Ha-
11133 11313 6110 13 1163316103 36 13 51113 Α1105101163, 11161011 5633-
13335135 3116 11311133 36 11, 1101· 61 Ρ. 0636131 36 13 01363. La
primera de 135 6113165 fue' 13 133316 501 Francisea de ]65115.

Β15111165135 10335 135 60535, 60130 convenia, 11313 1311013333,
56331056 61 (113 63 3116 56 1131113 36 601363231 3 63131331, 3116 fue
13 303113163 131130613113 36 13 Α566351011 36156301. ΝΟ 56 1111636
13611136316 referit· 61 563113116310 313336 3116 10335135 1611310535
36 331161 convento 36 Gaudia 1116161011 y 135 1331113115 3116 36-
1131113103 por 13 311563613 36 13 3116 1660306133 por verdadera
madre 36 10335. Υ 11313 3651161131 1335 6516 30101, 51166310 3116
61 11101110 313 63 3116 11311133 36 53111, 513 1163531 63 6110, 16 6360«
1116333103 3116 6331356 63 61 6010 13 Allelnycz, y como 56 5131163
331161135 1131311135 Exivi α Patre et veni sn mundum, 3116135
dijo 011510 31165110 Redentor 3 5115 315611111105 36511131633056 36
61105, 36013310356 61135 36 13 0635103 presente para derramar
36 nuevo 1111161135 133111335. Υ 6035013330135 36511305 13 madre
Sor Francisea, 165 dijo: “Pienso‚ Hermanas, que 30 513 gran
misterio 135 1105116135 1131311135 3116 116 63111330 63 61 6010 han
5130 33361135 603 3116 6035010 61 56301 3 5115 discipulos. Porque

 

