APPENDIX QUARTA 309

orden el cabo 11135 31130510 (161 vasso 3 10 ’03Χο 501116 sendus
jaricas: porque 116363 105 vassos un 3331610 y por aquel 56
(1611116 61 1133101 (1613351330 (161 323631 31 (1331 3011111133 111161,
y (13 63 13131163, y assi 61 323631 (136(13 113133(10. Υ 11313 (136
6513 1131336103 56 11333, 110363 63511113 (16 13 11063 336113 (161
113550 y sobre (161 323631 un poco (16 113110 1166110 (16 116113 (136
13 3011111133 (31113. De esta 116113 ay 113633 601113 63 61 1611111110
(16 61 651330.

El 13365110 (16 6516 exercicio 6030566 611133 (1613211631 1131161
11163 11313330 61 humor, quando 56 113 31131330 611 61 11101(16 0
vasso tres 0 633110 dedos: 63103665 61 13365110 5363 61 323631
(161 3101(16 y 1013116 611133 (161 323631· 63 11633605 y (1613 113116 (16
3111113, (136 6513 13310 3 13 31113, 56 11326 61 323631· 11110. Υ (1613
113116 que (16511365 5366616 56 11326 61 3211631 11313 Karaues: 6 (16
13 0113 113116 1616613 56 113263 136513135565 y 6563311315; y (16
13 (133113 113116, (1116 651313310 3 13 11111113 6 3331610 (161 11101(16 0

‘vasso ((1116 3 6513 113116 3011111133 6030110 0 603351, 56 1132611
105505.

Υ 10(135 65135 (1116163165 011135 y partes (161 323631 516311116
56 1131111633 6011 13 116113 31113 63 13 forma (1116 311165 6111113105.
Las 11116165 (1116 531611 (16 13 1131336103 (16 105 32363165 63 6331-
(13161 1333613 (16 135 53550(1161135 011613610365 56 166365663 63
13 63161613 63 1111161135 116665 y 63 (11361535 1113116135 y 56 van
purificando y 56 5363 323631 (16 61135. De manera (136 (161 323-
631 1101 1131336103 (16 13 31113 5316 1111616 (16 13 31161 1101 6160261
56 11326 3211631 113513 13 31111113 1131336103 (136 3011111133 mela-
sas, que ya no 56 1136363 60261. Ε5135 melasas 63 0110 11613110
135 66113333 fuera 3 perdes, como 6053 5111 1110366110. Ρ610
33013 613110133135 63 11311116165 y 6313311 (161135 11313 Flandes
y 63 13 11131 56 1131111633 (136 3113 503 1136335 y 56 vencien bien,
y (161135 1661116 61 Duque 616 Candia (16 105 6031111330165 113513
mil (1363(105 0 1335.

24

