154 BORG1ANAE FAMILIAE ORIGO

105 6011610 y reg-alc} 6011 1110115111053 6311030, y 6111111οο 61105, 1301·
61 0651111110 06 1311 111516 116111130, 110 11161011 166101005 611 Borja,
06 105 3133006565 (1116 11301311 llegado antes, 6011 13 ceremonia
(1116 1061661311. Y 1130161100105 ,51311300 Τ12011, 105 116νο 3 ver 3
D. Pedro 06 Α13165 3 116111130 (1116 (601110 61 530111) 651303 10-
11131100 111105 banos (que 613 01611 exn-ana y serena filosofia 0
611111 1111157 importuna para 0135 1311 inquietos). Los posteros y
6113005, (1116 110 601106161011 13 111100113116111 0613 visita 0 110 1316-
guntin-On 13 6311030 (16 135 1361501135, 0161011 11113 16513116513 5663
57 grosera, que 0651120110 11111600 6011113 511 31110 3 105 1100165 06
Navarra : 105 6113165, 601110 110 113311 3 136011 51110 3 031, 111 13 511-
11161011 111 6513613101] 0113.

„A 13 1761030, 611 6516 6350 ninguno (1111235 (1116 11161616 reflexion
50016 61 616613 (1116 D. Pedro (16 Α13165 110 001356 6011 adverten-
613 (16 105 1111616565 57 1361111105 y 6011 disgusto de 105 06 1611131.
ΝΟ 613 61 161110 1311 grande ni 1051101110165 06 1311111613 61356 1311-
105 (1116 06 105 (16 6113 110 131101656 561· 573 01611 601106100 D. Ρ6010.
Ν1 61, 131165 10005 16 1111611311 13313 1657, 56113 1311 0310310 (1116, 51
10 (1116113 561, 56 611631301356 6011 5001666305 1311 1166105 0 56 em·
002356 6011 amarguras, 61131100 10005 51161611 130116156 1113563135
(16 3813005 57 (1111211135. Ν1 1300111 ignoras que 511 616661011 613, 611
10 11135 0 611 1000, voluntaria y que habia 61 11161165161 110 065-
60111130116113. Ν1 511616 561· 1311 11103 13 31110161011 0 13 1611101303
11161111361011 06 1611131· (1116 110 16 6115611356 3 D. Ρ6010 1311 breve
y 111611 01511111110.

7,Τ1111101611 5110611105 (1116 6516 senor, hecha 13 616661011 611 61 111-
sante 511 110, 16 5115710 6011 11113 57 constante fineza: 6011 6113 06-
fendi& 13 6010113 611 61 naufragio de 656 inquieto 16111300; 57 6011-
1111110 6513 110016 fe 6011 13 hija y 6011 61 5761110 06 656 1657, 611 105
diez 57 06110 31105 (1116 065131165 vivia Argumento claro 06 31111110
generoso y templado‚ y de que 610650611 0 0656111οο 0613 6010113
1111613 del juicio cristiano 57 5616110 61 61131 110 16 13611111113 3110-
]’3156 3 mar 1311 31161300.

„Y 51 el 161113 6111011665 hijo legitimo, 601110 10 1331666, 573 110
113013 11161165161 131113 filosofia 13313 110 11111031 06 60110161011 1301·
105 (165605 06 1611131. ”

„Y 11135 1130161100 61 5100 110111016 06 singular 1316030, (161 61131
656110611 135 (10111635 06 S. Benito 57 S. Bernardo que, 1130161100
1111 013 5111100 3 6323, 56 113110 5010 y 13610100, 6616300 57 611016110

