86 S. FRANCISCUS BORGIA

10061135 60535; 3101 650 06330105 31 legamos 130 solamente 31
016110 D. Εο11006 06 130133, 00016003οο1 mayor de Μο01653,
11130 0065110, 61611 0063005 06 010 3101 313116 31 3101 legitima,
y 3101· 1000 y 6031001613 0110 (16166110 006 60 00651105 bie-
065 16 31611606263 y 31611606661 310603 0 06113 60 6031001613
0130613.

37. 11610 31600100 31 600510613οο 006 3101 61 presente 0065-
110 16513016010 00030105 y legamos 3 D. Diego y 3 D. Felipe
Μ30061, 111305 00651105, 3 6303 000 06 30061105 51616 1011 5061005
06 3110160105, 60010 0135 311330 56 0113; 3101 650 00031005 31 lega-
1005 3 6303 000 06 30061105 00 103160 06 311313 3101 313116 y por
legitima, y por todo y 6031001613 06166110 006 60 1015 1116065 165.
31611606263 y 31611606661 310603 y deba. ’

38. Item 00030105 y legamos 3 13003 130153 06 130133, 0065-
113 310303 11133 y (16 13 1105116 13000653 13003 30303 06 Α13ςόο,
311110613 100361 0065113, 6160 0063005 06 010 por parte y 3101·
legitima, y por todo y 6031001613 0110 06166110 006 3006113
tenga en 00651105 1116065 y pretenda tener y 3161160666113 310603
60 6031001613 1030613, 60100 563 0065113 310Ῑο0130 006 3006113
563 100033, 351 60100 10 500 135 01135 1161013035 503135 6 111335
00651135 60 61 016110 Μο03516110 06 53013 Clara de 13 016113 0065-
113 Vina de Gaudia, 0 60 6031001613 0110 10οο3516110 006 13
10031 1105116 13003 Αο3 06 Aragc'm, 13000653 (16 Μ60103 5600013,
113 50313 10316103, 00611331 10300313, 6513000, 61031610, 13 016113
13003 110153, 11133 0065113, 3 1000 10 006 06 6113 13 016113 1105116
[)000653 01060313 y 01300313 60100 3 013016 y 560013 50313, 60
6353 06 13 6031 11031 6513 , 3 13 6031 503111630105 603010 310061005
13 16ος3 3101 166001600303, 60100 5631005 10031 6161105 006 13
016113 1105116 13000653, 3101 13 1006113 310100130 006 3006113 16
11606 y 113 1005113οο 16061· y 10065113 06 6303 013, 00 063313 06
101131· 60 13 6010636100 06 13 016113 13003 110153, 11133 0065113,
351 60010 51 10656 11133 06 3006113 0310131.

39. Item 00030105 31 legamos 3 [)003 Μ3113, 13003 Αο3 y
13003 1531161, 111335 00651135 31 06 13 016113 0110013, 1105116 130-
00653 13003 30303 06 Arag6n‚ 311110613 010361 0065113, 135 603-
165 11031 16060105 60 11311110 31 65130 31 viven en el 016110 1110035ὴ
16110 (16 53013 Clara de 13 016113 0065113 Villa 06 630013, 3
6303003 06 30061135 00 103160 06 311313 3101· 313116 y por legi-
tima, 31 3101 1000 y 6031001613 0110 06166110 006 30061135 6 6303

