J, BORGIA TESTAMENTUM 41

1165 11115 6111165 nostres segons (165505 65 (111 1105 60 summa (16
515 101113 (1116315 061 obs (16 (10131 y collocas 60 matrimoni 0 60
religio 003 0 (105 (16 165 111165 0051165 5ν (16 111 dita Im 13000653
(10011 1130615611 (16 635110 30061111 0 30061165 006 11 13 (1113 Ill.c Du-
00653 56111 ben vist 6 11006113 61601111 6 volsa 60 30061165 0311 0
03115 0116 11 5601111313 6 1160 5’151 11 56111 60 165 001115 6011063610 0
601106361005 (16 165 (11165 (105 111165 6 (161 311111 (16 30061165 111 dita
Ill.“v 13000653 puixa 6 tinga 1116011111 (16 0106031 630110131- 6 (115-
pondre 006 1001101 165 (11165 (105 111165 6 003156001 (16 30061165 5605
11115 01 311165 (165660(16015 (16 30061165 006 165 0030111315 061· 111
dita 111.ε 1300116553 56130 600511101(165 611 (101 3 165 (11165 (105 111165
6 131113 (16 30061165 (1615 (1115 515 101113 (106315 enti-&gamem 6 56115
(1101100610 alguna (16 legitima falcidia 6 1161161111101611 06 31116
0011156001 (1161 101060 vinguen 6 pertanyguen 3 3006115 11115 0
111165 110 0 010115 0051165 y (16 13 (11131119 13001165511 11 11011611 O
3006115 006 3006113 510113 6 61611113 6 ’560005 3 3006113 5613 ben
vist 6301101111 6 01(16031· (16111301 110 101 3 13 ordinacio 6 (1150051-
610 (16 3006113 (1113 Ill.e 1300116553 1015 105 001115 (1655115 (1115 5γ 016-
631600315 6605315 500 0051165 11105 061130560 31110515 5160111015
111015 105 011315 legam y 161Χ310 111 (111 (100 0616 111515 63166130 (16
borja fill nostre y (1613 (1113111.Β 1300116553 (1003 1130615611 (16 635-
110 10111161 005113 axi 60 0100116131 6010 60 06051005 ab 1015 105
(11615 006 60 30116115 005 0611305160 y pertanyer 00(160 60 0031-
561101 0130613 6 10165 165 311165 60565 (1301001 (11165 16010165 5γ (161-
Χ3(165 315 (1115 (100 Ρ616 Luis Galcemn y 315 311165 11115 0051165
(16 13 (1113 111.θ 130006553 (1003 113061563 (16 635110 muller nostra
611 13 forma (165505 (1113.

54. Ε 51 10 (111 (100 Ρ616 1055 63166130 1111 005116 10 0116 1360
00 10306 moris 5605 11115 1160111105 y 03101315 01 311165 (165660-
(16015 60 131 6315 5701601 (115000610 51Υ 01060301 006 105 (1310001
(1115 y 01·663160(1315 6605315 6 311165 60565 6 bens mobles 60 111
forma (165505 dita vinguen 31 (111 (100 Diego (16 borja germa (16
300611 y fill 005116 y (16 13 (1113 111.Θ Duquesa (10011 1111061563
(16 635110 y 3 505 (16566οᾶ6015 1651111015 y 03101315 E 51 1100611
00 105 viu 0 105 impedit 6010 (111 65 00 0061601 6001136131· (16
matrimoni volem (1150006οΊ y 01·(1601110 006 105 (1115 6605315
60565 6 bens mobles vinguen 6 0611305701160 31 (111 (100 16110
1030061 (16 borja fill nostre com nostra voluntat 513 006 105 (1115
6605315 y 1111165 60565 60 10 0165601 005116 1651301601 16153065 y

